0 5 2
1 5 4
2 7 3
3 9 5
4 1 7
5 5 0
6 3 2
7 3 4
8 2 7
9 4 5
10 9 0
11 1 0
12 6 5
13 5 5
14 1 2
15 7 9
16 0 6
17 2 8
18 0 7
19 4 1
20 6 1
21 0 5
22 9 7
23 9 8
24 0 8
25 1 5
26 3 5
27 3 0
28 0 0
29 2 6
30 2 0
31 9 9
32 4 3
33 8 6
34 4 0
35 6 6
36 6 0
37 0 2
38 4 6
39 4 2
40 5 1
41 2 5
42 4 9
43 5 6
44 9 3
45 5 3
46 4 3
47 2 3
48 4 7
49 4 6
50 8 1
51 6 2
52 6 7
53 5 2
54 1 1
55 5 3
56 9 2
57 0 4
58 4 5
59 6 8
60 3 1
61 6 4
62 3 3
63 2 6
64 1 4
65 4 3
66 4 4
67 4 1
68 1 7
69 6 2
70 8 8
71 8 3
72 5 8
73 9 3
74 7 5
75 2 7
76 5 6
77 3 6
78 3 5
79 2 1
80 7 3
81 7 0
82 3 4
83 5 7
84 7 2
85 7 1
86 6 1
87 0 3
88 8 0
89 2 8
90 4 8
91 1 8
92 4 9
93 1 2
94 1 1
95 2 4
96 9 4
97 0 1
98 4 2
99 1 1
100 1 0
101 0 9
102 3 8
103 0 4
104 3 6
105 6 6
106 6 3
107 2 0
108 4 5
109 6 0
# colocadas=110 ocupadas=51 mayor=23
