0 0 0
1 0 1
2 0 2
3 0 3
4 0 4
5 1 3
6 1 0
7 0 3
8 0 5
9 0 0
10 0 4
11 0 3
12 0 2
13 1 0
14 0 0
15 0 1
16 0 3
17 1 2
18 0 4
19 0 0
20 0 2
21 1 0
22 0 0
23 1 1
24 1 0
25 0 5
26 0 4
27 0 3
28 0 4
29 1 1
30 0 1
31 1 1
32 0 3
33 1 0
34 2 0
35 1 1
36 0 1
37 1 0
38 0 2
39 1 2
40 0 1
41 2 1
42 0 4
43 0 2
44 0 5
45 0 4
46 0 3
47 1 2
48 0 2
49 1 2
50 0 0
51 1 1
52 0 1
53 2 1
54 1 1
55 0 4
56 0 5
57 0 0
58 0 2
59 0 4
60 1 0
61 1 1
62 0 3
63 0 2
64 1 3
65 0 3
66 1 2
67 0 2
68 0 3
69 1 0
70 1 3
71 0 0
72 1 2
73 1 0
74 2 1
75 0 0
76 1 1
77 0 2
78 0 1
79 1 0
80 1 1
81 0 2
82 1 2
83 2 1
84 1 0
85 0 0
86 0 1
87 0 0
88 0 4
89 1 1
90 1 3
91 0 3
92 1 0
93 0 2
94 1 2
95 0 4
96 0 3
97 0 2
98 1 2
99 0 0
100 0 2
101 0 3
102 1 4
103 0 2
104 1 3
105 1 0
106 1 1
107 0 3
108 1 4
109 0 2
# colocadas=110 ocupadas=6 mayor=64 tiempo=0.600 esfuerzo=547 medida=expandidos
