0 8 3
1 7 3
2 7 7
3 5 5
4 2 5
5 0 2
6 1 4
7 1 2
8 8 5
9 6 9
10 2 8
11 9 6
12 9 1
13 3 9
14 5 3
15 4 0
16 7 8
17 0 0
18 1 6
19 9 0
20 5 9
21 0 8
22 3 2
23 4 4
24 3 7
25 0 2
26 3 1
27 0 3
28 1 5
29 3 8
30 0 5
31 3 3
32 4 7
33 4 3
34 3 4
35 7 4
36 5 7
37 3 3
38 4 2
39 0 1
40 1 1
41 3 5
42 1 8
43 4 1
44 0 7
45 1 3
46 3 0
47 3 6
48 5 4
49 7 1
50 6 8
51 5 2
52 9 8
53 6 1
54 5 3
55 5 0
56 1 7
57 8 9
58 5 1
59 0 3
60 7 0
61 0 7
62 7 9
63 1 9
64 2 2
65 6 0
66 8 4
67 2 1
68 7 5
69 9 3
70 4 2
71 9 2
72 4 5
73 4 3
74 5 2
75 4 4
76 2 3
77 9 3
78 7 2
79 1 6
80 0 6
81 3 1
82 5 6
83 8 1
84 0 7
85 7 8
86 2 9
87 8 2
88 3 4
89 8 0
90 0 9
91 3 9
92 9 9
93 9 4
94 0 5
95 4 9
96 7 0
97 6 2
98 2 4
99 0 6
100 7 6
101 1 6
102 0 7
103 4 8
104 1 5
105 8 1
106 2 5
107 6 1
108 2 1
109 2 0
# colocadas=110 ocupadas=56 mayor=21 tiempo=10.050 esfuerzo=9802 medida=evaluaciones
