0 6 5
1 2 1
2 0 2
3 7 1
4 0 0
5 0 7
6 0 6
7 7 6
8 7 7
9 6 4
10 1 2
11 5 1
12 5 0
13 7 5
14 6 1
15 7 1
16 0 5
17 4 7
18 0 4
19 4 1
20 5 5
21 1 4
22 3 4
23 1 5
24 0 7
25 3 1
26 0 6
27 0 1
28 4 6
29 2 5
30 1 1
31 2 2
32 2 1
33 4 3
34 7 3
35 2 3
36 1 2
37 1 5
38 3 7
39 2 6
40 3 5
41 3 2
42 0 3
43 0 0
44 1 4
45 3 4
46 2 7
47 1 7
48 6 3
49 0 1
50 4 4
51 6 4
52 4 2
53 3 3
54 4 7
55 5 2
56 2 5
57 2 6
58 3 4
59 7 0
60 7 2
61 0 2
62 1 6
63 3 6
64 3 0
65 2 7
66 0 7
67 7 4
68 1 1
69 5 4
# colocadas=70 ocupadas=30 mayor=21 tiempo=8.915 esfuerzo=18916 medida=evaluaciones
