0 7 5
1 7 7
2 7 4
3 0 6
4 5 7
5 0 3
6 0 0
7 3 2
8 6 2
9 4 2
10 1 5
11 3 5
12 3 1
13 5 5
14 5 1
15 3 3
16 1 6
17 0 5
18 6 7
19 2 4
20 7 3
21 2 1
22 7 6
23 0 4
24 2 2
25 3 7
26 4 3
27 5 6
28 1 7
29 2 3
30 1 1
31 5 5
32 2 5
33 4 4
34 4 5
35 2 0
36 3 0
37 4 7
38 1 3
39 2 6
40 2 1
41 5 2
42 5 1
43 5 4
44 6 5
45 3 3
46 6 3
47 7 2
48 5 3
49 1 2
50 3 1
51 3 2
52 5 7
53 2 7
54 1 6
55 1 0
56 3 4
57 0 2
58 4 3
59 4 0
60 6 2
61 3 5
62 4 7
63 7 1
64 6 4
65 2 4
66 6 6
67 4 6
68 2 5
69 3 1
# colocadas=70 ocupadas=31 mayor=18 tiempo=6.110 esfuerzo=13918 medida=evaluaciones
