0 7 6
1 4 9
2 7 5
3 2 3
4 2 8
5 2 1
6 2 6
7 2 2
8 0 8
9 1 7
10 0 4
11 7 1
12 4 5
13 8 7
14 5 7
15 2 5
16 0 1
17 1 2
18 3 0
19 0 6
20 6 7
21 8 8
22 2 7
23 3 1
24 8 7
25 1 8
26 3 9
27 4 8
28 6 9
29 0 0
30 0 2
31 4 1
32 8 5
33 1 6
34 2 1
35 3 7
36 5 1
37 1 3
38 5 4
39 4 0
40 5 3
41 2 6
42 2 9
43 3 2
44 4 4
45 7 9
46 3 8
47 5 2
48 1 5
49 0 3
50 4 3
51 3 6
52 1 0
53 2 5
54 6 1
55 2 0
56 9 5
57 0 5
58 6 4
59 6 0
60 9 9
61 4 8
62 6 5
63 1 2
64 8 3
65 7 4
66 5 8
67 1 7
68 5 0
69 9 0
70 5 9
71 7 8
72 1 9
73 6 4
74 3 5
75 7 2
76 3 6
77 9 8
78 4 2
79 2 6
80 6 3
81 6 0
82 8 9
83 5 8
84 5 3
85 3 1
86 7 9
87 3 0
88 9 4
89 6 2
90 2 8
91 0 9
92 5 1
93 1 1
94 3 6
95 0 8
96 0 9
97 4 6
98 4 8
99 2 4
100 4 9
101 0 1
102 3 7
103 3 6
104 1 8
105 2 3
106 4 7
107 3 9
108 0 7
109 2 8
# colocadas=110 ocupadas=55 mayor=45 tiempo=10.001 esfuerzo=10488 medida=evaluaciones
