0 0 0
1 9 4
2 6 2
3 2 6
4 6 0
5 5 2
6 1 5
7 0 6
8 9 6
9 7 5
10 0 9
11 0 7
12 0 4
13 7 3
14 1 0
15 1 1
16 3 7
17 0 5
18 1 8
19 6 4
20 4 8
21 1 0
22 8 3
23 9 0
24 2 3
25 4 3
26 4 0
27 3 6
28 4 5
29 2 7
30 2 8
31 7 2
32 6 7
33 6 6
34 9 2
35 5 3
36 1 4
37 5 7
38 6 9
39 6 2
40 8 9
41 9 9
42 5 9
43 5 4
44 0 2
45 8 8
46 0 1
47 8 2
48 7 9
49 4 4
50 7 0
51 3 8
52 4 6
53 3 9
54 5 6
55 6 9
56 2 5
57 5 5
58 6 8
59 7 4
60 0 0
61 8 4
62 7 3
63 6 3
64 7 7
65 5 8
66 9 7
67 7 1
68 1 9
69 0 3
70 2 4
71 2 2
72 1 8
73 6 5
74 2 3
75 3 7
76 8 5
77 9 4
78 9 3
79 3 4
80 5 1
81 3 5
82 2 6
83 8 1
84 0 8
85 3 8
86 2 0
87 2 8
88 6 2
89 1 0
90 1 2
91 7 6
92 1 7
93 2 1
94 5 4
95 8 4
96 8 6
97 3 0
98 5 5
99 2 7
100 4 1
101 1 6
102 3 6
103 9 8
104 4 2
105 6 7
106 2 9
107 8 7
108 0 4
109 8 3
# colocadas=110 ocupadas=61 mayor=17 tiempo=10.003 esfuerzo=10586 medida=evaluaciones
