0 0 0
1 0 1
2 0 2
3 0 3
4 1 2
5 0 2
6 0 1
7 0 2
8 1 1
9 1 0
10 0 4
11 0 3
12 0 0
13 1 2
14 0 4
15 1 0
16 0 0
17 0 1
18 0 0
19 0 5
20 0 3
21 0 1
22 0 2
23 0 0
24 1 1
25 1 3
26 0 1
27 0 3
28 1 2
29 1 0
30 0 0
31 1 4
32 0 4
33 0 5
34 0 4
35 0 6
36 0 2
37 0 5
38 0 1
39 0 0
40 1 1
41 1 4
42 0 4
43 1 3
44 0 1
45 1 5
46 0 3
47 0 5
48 0 2
49 0 1
50 1 0
51 0 0
52 1 4
53 0 4
54 0 5
55 0 4
56 1 1
57 1 3
58 0 1
59 1 0
60 0 2
61 0 3
62 1 2
63 0 1
64 1 1
65 0 0
66 1 0
67 1 2
68 1 3
69 1 1
# colocadas=70 ocupadas=6 mayor=45 tiempo=0.223 esfuerzo=347 medida=expandidos
