0 0 5
1 5 1
2 3 3
3 1 7
4 1 3
5 0 3
6 4 5
7 4 3
8 6 7
9 5 2
10 1 4
11 2 6
12 0 6
13 3 2
14 2 7
15 7 1
16 4 4
17 5 6
18 0 5
19 4 2
20 0 4
21 6 4
22 0 0
23 1 2
24 2 1
25 3 0
26 5 3
27 3 1
28 2 2
29 7 7
30 0 2
31 4 5
32 7 4
33 1 5
34 2 5
35 2 6
36 3 7
37 5 7
38 5 2
39 4 6
40 2 0
41 3 5
42 5 0
43 6 2
44 1 1
45 4 1
46 6 6
47 1 0
48 4 7
49 5 4
50 7 5
51 6 5
52 3 2
53 3 4
54 1 7
55 7 5
56 5 1
57 5 6
58 3 7
59 5 5
60 4 7
61 3 5
62 6 3
63 6 6
64 3 7
65 0 1
66 0 2
67 0 3
68 2 5
69 2 1
# colocadas=70 ocupadas=31 mayor=18 tiempo=5.885 esfuerzo=11860 medida=evaluaciones
